00110011
01100010
01000110
01010001
10011010
10001011
00001000
00111000
11001000
00101010
00000001
10111011
01010010
11011010
11001010
00010111
10110100
11101100
01001101
00111010
01011101
01010000
01110010
00110001
11110110
11001011
01100101
10001100
11100100
10000010
11000010
00001100
01011011
01110100
10101110
11111001
00010011
01110111
00101100
01100100
10111000
00111111
10011110
10000011
10111001
10011000
10010101
11001001
01110000
00000110
00001110
00100001
01110011
01100001
00011101
11110000
10000111
11010011
00100000
00000011
11010100
11111100
00010000
11100010
11011101
10000001
01100000
11010110
01010110
11000001
11001100
11111110
00000100
01011001
00011010
10001001
11111111
10011100
01011000
01000011
11011001
10011011
10100101
10101111
11011000
11101111
11011110
10010000
01101011
11100110
01010111
11000000
11111010
11000100
10000100
10010110
01001011
00011001
01111001
11000110
00111001
10000000
01111101
10101100
11000011
10100111
11000101
10011001
00100010
00010100
11101010
00011111
10110110
01101110
10100010
01000000
11011111
00101101
11111011
01111100
10100110
01001110
01101111
10010011
01101010
11010001
01101000
00000101
11101101
00001011
10100000
11001101
00110101
00101001
01000101
00011000
10110001
10011101
10000110
10010010
11110001
11111101
11000111
11011100
10111101
11101001
01101001
00100101
10001101
11110100
00111011
01010011
01101101
00110100
00100011
11101110
10001010
01001100
11100001
01000010
01111111
10010001
11100101
11111000
10111110
11010010
00111101
00110010
01110101
01111011
10101011
10101101
00011100
01010100
01101100
01011111
10100001
10101001
01000001
01001010
01011100
01011110
01111000
00010110
00000000
00010010
10000101
01010101
11101000
10111111
11001110
10110000
10101000
00110110
00001111
11010000
01011010
10010100
00101110
00111110
11110011
00101000
01000111
11001111
11100111
00010101
00011110
11100011
00001001
10111100
10110101
01001000
10101010
11011011
11110101
11010101
01001111
10100011
00001101
01001001
10111010
11110111
00001010
00100110
00011011
01100011
01110110
00101011
10100100
01111010
11010111
01111110
11101011
10011111
10110010
00100111
00110111
11110010
11100000
00111100
00110000
10110111
10001110
01100110
00101111
01000100
00000111
00010001
00100100
10001000
10001111
01110001
00000010
10110011
10010111
01100111